#Layer_Color=32768
#
#Feature symbol names
#
$0 r2
$1 r10
$2 r7.874
$3 r5

#
#Feature attribute names
#

#
#Layer features
#
A 0.1761938 4.8629351 0.263 4.937 0.188 4.937 0 P 0 N
A 0.2628012 0.1879971 0.2628012 0.1879971 0.1879981 0.1879971 1 P 0 N
A 0.2628012 4.9369987 0.2628012 4.9369987 0.1879981 4.9369987 1 P 0 N
A 0.263 0.188 0.263 0.188 0.188 0.188 0 P 0 N
A 0.263 4.937 0.263 4.937 0.188 4.937 0 P 0 N
A 0.675 3.538 0.675 3.538 0.636 3.538 0 P 0 N
A 0.675 4.68 0.675 4.68 0.636 4.68 0 P 0 N
A 0.6850379 3.5381315 0.6850379 3.5381315 0.6358253 3.5381315 1 P 0 N
A 0.6850379 4.6798643 0.6850379 4.6798643 0.6358253 4.6798643 1 P 0 N
A 0.9121459 1.9621728 0.9121459 1.9621728 0.8983664 1.9621728 2 P 0 N
A 0.9121459 2.0121728 0.9121459 2.0121728 0.8983664 2.0121728 2 P 0 N
A 0.9121459 2.0621728 0.9121459 2.0621728 0.8983664 2.0621728 2 P 0 N
A 0.9121459 2.1121728 0.9121459 2.1121728 0.8983664 2.1121728 2 P 0 N
A 0.9121459 2.1621728 0.9121459 2.1621728 0.8983664 2.1621728 2 P 0 N
A 0.9121459 2.2121728 0.9121459 2.2121728 0.8983664 2.2121728 2 P 0 N
A 0.9121459 2.2621728 0.9121459 2.2621728 0.8983664 2.2621728 2 P 0 N
A 0.9121459 2.3121728 0.9121459 2.3121728 0.8983664 2.3121728 2 P 0 N
A 0.9121459 2.3621728 0.9121459 2.3621728 0.8983664 2.3621728 2 P 0 N
A 0.9121459 2.4121728 0.9121459 2.4121728 0.8983664 2.4121728 2 P 0 N
A 0.9121459 2.4621728 0.9121459 2.4621728 0.8983664 2.4621728 2 P 0 N
A 0.9121459 2.5121728 0.9121459 2.5121728 0.8983664 2.5121728 2 P 0 N
A 0.9121459 2.5621728 0.9121459 2.5621728 0.8983664 2.5621728 2 P 0 N
A 0.9121459 2.6121728 0.9121459 2.6121728 0.8983664 2.6121728 2 P 0 N
A 0.9121459 2.6621728 0.9121459 2.6621728 0.8983664 2.6621728 2 P 0 N
A 0.9135 1.962 0.9135 1.962 0.898 1.962 0 P 0 N
A 0.9135 2.012 0.9135 2.012 0.898 2.012 0 P 0 N
A 0.9135 2.062 0.9135 2.062 0.898 2.062 0 P 0 N
A 0.9135 2.112 0.9135 2.112 0.898 2.112 0 P 0 N
A 0.9135 2.162 0.9135 2.162 0.898 2.162 0 P 0 N
A 0.9135 2.212 0.9135 2.212 0.898 2.212 0 P 0 N
A 0.9135 2.262 0.9135 2.262 0.898 2.262 0 P 0 N
A 0.9135 2.312 0.9135 2.312 0.898 2.312 0 P 0 N
A 0.9135 2.362 0.9135 2.362 0.898 2.362 0 P 0 N
A 0.9135 2.412 0.9135 2.412 0.898 2.412 0 P 0 N
A 0.9135 2.462 0.9135 2.462 0.898 2.462 0 P 0 N
A 0.9135 2.512 0.9135 2.512 0.898 2.512 0 P 0 N
A 0.9135 2.562 0.9135 2.562 0.898 2.562 0 P 0 N
A 0.9135 2.612 0.9135 2.612 0.898 2.612 0 P 0 N
A 0.9135 2.662 0.9135 2.662 0.898 2.662 0 P 0 N
A 0.9137776 3.5384979 0.9137776 3.5384979 0.8999981 3.5384979 2 P 0 N
A 0.9155 3.538 0.9155 3.538 0.9 3.538 0 P 0 N
A 0.937 1.698 0.937 1.698 0.898 1.698 0 P 0 N
A 0.937 2.926 0.937 2.926 0.898 2.926 0 P 0 N
A 0.9472126 1.6983456 0.9472126 1.6983456 0.898 1.6983456 1 P 0 N
A 0.9472126 2.9263456 0.9472126 2.9263456 0.898 2.9263456 1 P 0 N
A 0.9637776 3.5384979 0.9637776 3.5384979 0.9499981 3.5384979 2 P 0 N
A 0.9655 3.538 0.9655 3.538 0.95 3.538 0 P 0 N
A 1.0137776 3.5384979 1.0137776 3.5384979 0.9999981 3.5384979 2 P 0 N
A 1.0155 3.538 1.0155 3.538 1 3.538 0 P 0 N
A 1.0637776 3.5384979 1.0637776 3.5384979 1.0499981 3.5384979 2 P 0 N
A 1.0655 3.538 1.0655 3.538 1.05 3.538 0 P 0 N
A 1.1137776 3.5384979 1.1137776 3.5384979 1.0999981 3.5384979 2 P 0 N
A 1.1155 3.538 1.1155 3.538 1.1 3.538 0 P 0 N
A 1.1637776 3.5384979 1.1637776 3.5384979 1.1499981 3.5384979 2 P 0 N
A 1.1655 3.538 1.1655 3.538 1.15 3.538 0 P 0 N
A 1.2137776 3.5384979 1.2137776 3.5384979 1.1999981 3.5384979 2 P 0 N
A 1.2155 3.538 1.2155 3.538 1.2 3.538 0 P 0 N
A 1.2637776 3.5384979 1.2637776 3.5384979 1.2499981 3.5384979 2 P 0 N
A 1.2655 3.538 1.2655 3.538 1.25 3.538 0 P 0 N
A 1.3137776 3.5384979 1.3137776 3.5384979 1.2999981 3.5384979 2 P 0 N
A 1.3155 3.538 1.3155 3.538 1.3 3.538 0 P 0 N
A 1.3637776 3.5384979 1.3637776 3.5384979 1.3499981 3.5384979 2 P 0 N
A 1.3655 3.538 1.3655 3.538 1.35 3.538 0 P 0 N
A 1.4137776 3.5384979 1.4137776 3.5384979 1.3999981 3.5384979 2 P 0 N
A 1.4155 3.538 1.4155 3.538 1.4 3.538 0 P 0 N
A 1.4637776 3.5384979 1.4637776 3.5384979 1.4499981 3.5384979 2 P 0 N
A 1.4655 3.538 1.4655 3.538 1.45 3.538 0 P 0 N
A 1.5137776 3.5384979 1.5137776 3.5384979 1.4999981 3.5384979 2 P 0 N
A 1.5155 3.538 1.5155 3.538 1.5 3.538 0 P 0 N
A 1.5637776 3.5384979 1.5637776 3.5384979 1.5499981 3.5384979 2 P 0 N
A 1.5655 3.538 1.5655 3.538 1.55 3.538 0 P 0 N
A 1.6137776 3.5384979 1.6137776 3.5384979 1.5999981 3.5384979 2 P 0 N
A 1.6155 3.538 1.6155 3.538 1.6 3.538 0 P 0 N
A 1.903 3.538 1.903 3.538 1.864 3.538 0 P 0 N
A 1.903 4.68 1.903 4.68 1.864 4.68 0 P 0 N
A 1.9133835 3.5381315 1.9133835 3.5381315 1.8641709 3.5381315 1 P 0 N
A 1.9133835 4.6798643 1.9133835 4.6798643 1.8641709 4.6798643 1 P 0 N
A 2.079 1.698 2.079 1.698 2.04 1.698 0 P 0 N
A 2.079 2.926 2.079 2.926 2.04 2.926 0 P 0 N
A 2.0892126 1.6983456 2.0892126 1.6983456 2.04 1.6983456 1 P 0 N
A 2.0892126 2.9263456 2.0892126 2.9263456 2.04 2.9263456 1 P 0 N
A 2.3868012 0.1879971 2.3868012 0.1879971 2.3119981 0.1879971 1 P 0 N
A 2.3868012 4.9369987 2.3868012 4.9369987 2.3119981 4.9369987 1 P 0 N
A 2.387 0.188 2.387 0.188 2.312 0.188 0 P 0 N
A 2.387 4.937 2.387 4.937 2.312 4.937 0 P 0 N
L 0 0 0 5.125 3 P 0
L 0 0 0 5.125 0 P 0
L 0 0 2.5 0 0 P 0
L 0 0 2.5 0 3 P 0
L 0 5.125 2.5 5.125 3 P 0
L 0 5.125 2.5 5.125 0 P 0
L 2.5 0 2.5 5.125 0 P 0
L 2.5 0 2.5 5.125 3 P 0
